10000 10025 16250
10000 10078 16875
10000 10089 16368
10000 10392 15627
10000 10628 10646
10000 10630 10646
10000 12658 17590
10000 15625 15627
10000 15625 16875
10001 10015 17516
10001 10040 16309
10001 10101 10117
10001 10632 16309
10001 11486 11897
10001 11881 15626
10001 11896 11897
10002 10006 10235
10002 10007 10009
10002 10007 16258
10002 10013 10023
10002 10013 10038
10002 10023 10334
10002 10023 15374
10002 10038 12532
10002 10056 10313
10002 10157 11290
10002 10313 15098
10002 11252 12532
10002 11272 11584
10002 11584 12187
10003 10007 10040
10003 10008 12658
10003 10020 10031
10003 10031 10803
10003 10052 12658
10003 10164 10313
10003 15001 15003
10003 15001 15158
10005 10011 10015
10005 10039 12812
10005 10039 16919
10005 14005 14532
10006 15016 15055
10008 10023 10032
10008 10042 12833
10008 11253 12657
10008 11253 12658
10008 12502 12657
100 10079 10647
10010 10166 17032
10010 10792 10871
100 10647 10803
10011 10023 12501
10011 10684 11006
10012 10017 10090
10012 10324 10330
10012 10324 10637
10012 10324 15051
10016 15245 18763
100 1985 2610
10020 10108 10182
10021 10255 12579
10021 15313 17833
10023 10334 10354
10023 10646 12501
10023 12501 12559
100 257 2756
10026 10489 15022
100 294 2600
10030 10098 11876
10030 10098 15099
10033 12503 12757
10039 11330 15040
10040 10123 11368
10040 10200 12712
10040 15041 15042
10042 10062 10354
10042 12833 18146
10044 11290 12580
10046 13130 13287
10050 10091 10364
10050 12852 12970
10056 10313 10318
10056 10313 10953
10056 10318 11251
10059 10183 11271
10059 10340 10488
10060 10632 12583
10065 10118 10143
10069 10753 11944
10075 10133 15048
10078 10079 10313
10079 10123 10177
10079 10177 10647
10079 10313 15098
10079 10465 11328
10079 11251 12579
10080 10081 11644
10080 12511 12540
10081 10725 10729
10085 12586 17507
10086 11331 11356
10089 10128 11340
10098 15000 15041
10100 10103 10417
10117 11289 11290
10117 11289 14112
10117 11290 15079
101 179 2523
10123 13831 13834
10144 12619 13170
10156 10157 15010
10156 10508 15002
10157 10322 10782
10157 11253 12657
10157 11289 11290
10158 10164 10217
10159 10235 13752
1016 15953 16094
10162 15474 16412
10166 11456 17032
10169 10344 10403
10169 10403 12902
10176 10959 11094
10177 11408 11437
10178 11250 15005
10181 10246 10319
10196 10509 10590
102 1272 1350
102 1350 6956
1022 10315 16099
1022 11046 13546
102 2587 5086
102 333 10022
1023 5431 16057
10246 10319 10470
10247 11502 12552
102 707 1027
1027 1097 13556
10273 10532 10840
10273 10532 10898
10312 10636 11876
10313 10314 10318
10313 10319 11573
10315 11604 12814
10318 10333 10997
10319 11569 15329
10330 12991 17815
10341 10348 15406
10354 12503 12601
10357 12853 13009
10357 16256 17589
1037 10807 13209
1037 1584 4164
103 732 1001
1038 5003 13166
1038 5003 7893
10390 11252 11360
10390 11252 11562
10396 11256 15006
10402 11066 12511
10403 10482 12902
104 5104 5240
10468 10481 11105
104 705 764
10471 12970 16798
104 725 10089
10529 13028 14084
10553 10899 13132
1056 2267 3517
1056 3243 3556
10587 12658 16447
10592 10944 11602
10596 10606 15606
10625 10631 13443
10625 10631 17218
10625 10705 10715
10625 12502 12657
10630 10646 15786
10631 10651 11317
10631 10651 11881
10631 11016 15865
10631 12507 13443
10632 12506 12583
106 341 1837
10635 11652 12197
10638 15631 18127
10641 10816 14644
10647 10648 10803
10648 10694 11082
10651 11930 13131
10666 10686 10821
10704 11334 11354
10709 15000 15640
10725 10729 12528
107 336 1041
10735 10813 10931
10747 11563 12188
10747 11563 12500
1076 6389 11271
10788 11096 16094
10802 13302 15627
10860 15070 16275
10881 12520 12598
109 1438 12510
109 2004 12139
109 2511 10264
109 2532 2746
10938 12815 14063
10940 16154 17223
1094 1876 6271
10949 10950 11095
1095 1134 6094
1096 10781 12968
1 100 1351
1 100 2756
1101 10475 11139
110 128 3900
1 10167 11412
11029 15031 15637
110 323 10147
1 10338 11412
11038 15626 15939
1105 6722 11565
11094 11123 11719
11094 16719 18633
11099 12038 17034
11 10468 11105
11106 12854 13479
1 11 10010
11114 15236 18047
1 11250 18770
1 11251 11408
1 11251 11412
1 11 2818
11 13 10002
11 13 10098
11 13 129
11 13 5051
1115 2365 3344
112 128 1384
11250 11719 16523
11250 12520 18770
11250 13771 18751
11251 11290 13790
11251 11562 11797
11252 12532 16280
11255 11257 11290
11255 11266 11290
11256 14381 14474
11257 11564 11569
11261 11266 11281
11262 13937 13955
112 628 705
11266 11290 12244
11266 11881 15626
11266 13799 13829
11271 11417 11427
11272 11283 11438
11281 12096 13927
11294 12542 17544
11295 11334 11354
11299 11456 17032
11 3136 5709
1 1336 1962
1134 1965 6574
11346 11960 13845
1134 6291 6574
1 1351 6251
1 1351 6351
11359 11573 15012
11412 17851 18303
11423 12080 12353
1144 3508 5832
11486 16339 19634
11501 11812 16419
11562 17521 17687
11563 12500 13909
11603 12861 12883
11641 16651 16672
1173 2435 12460
118 15773 16954
1182 2513 3294
11878 13751 13887
11881 15626 15672
11901 13125 14709
119 1075 4474
119 139 10138
119 152 6564
119 277 476
119 4474 6975
119 470 476
119 5002 5642
119 5002 6975
11953 14376 14378
119 587 4347
120 123 136
120 1585 5336
120 2189 5198
120 5569 15373
12 10001 12511
12 10010 10079
121 124 5041
121 130 639
12 1419 11468
12 1419 5002
12 152 365
12 1574 2824
12187 14064 17814
1 22 2818
1 22 81
12 324 1419
12 324 1574
12 32 5002
123 282 10133
12 33 2511
12 33 345
12 33 3782
1234 1822 3048
12 3767 12511
124 10124 11373
124 1384 11302
124 1526 1535
124 157 158
124 157 237
124 158 315
124 203 632
124 315 508
124 629 1384
12 47 1307
12500 12501 13750
12500 12823 13750
12 5002 6339
12501 12502 12542
12501 12502 12579
12501 12542 15353
12502 17624 19499
1 2502 2566
1 2502 7735
12503 12676 13908
12503 12735 12757
12503 13771 13772
12505 12546 13755
12506 12520 13750
12506 12520 15177
12506 12583 14458
12506 12623 17545
1251 11250 11407
1251 1252 10089
1251 1252 11260
1251 1252 1407
1251 1252 6254
1251 1262 10089
1251 1408 1469
1251 1413 1721
1251 1485 5001
1251 2344 4543
1251 3751 3753
1251 3751 3790
1251 5001 5021
12517 13137 13517
1252 10000 10089
1252 10001 10089
1252 1261 3762
1252 1263 10089
1252 1301 1916
1252 1332 8616
1252 1407 1563
1252 1409 1564
1252 1409 3762
1252 1563 8752
1252 1564 7512
1252 3762 10089
1252 3762 7512
1252 3762 7658
1252 4076 4387
1252 4152 8918
1252 5314 10316
1252 5334 7032
12526 12527 12565
12526 12527 12567
12526 12818 15338
1253 1256 3752
1253 1264 5091
1253 5002 5160
125 354 5315
12537 12736 12767
12540 12735 13208
1254 1274 11276
1254 1424 11253
125 591 1765
12559 12676 13926
12560 13188 18815
1256 1297 10041
1256 1334 3752
1257 10027 16334
1257 10086 10159
1257 1267 5163
1257 1589 11567
1257 3209 3249
1257 3751 11290
1257 3751 12110
1257 4069 11567
12578 12589 12735
12580 12581 12591
12581 13794 17501
1259 5081 6253
1259 5336 6254
1261 2980 11729
1261 3918 3976
1262 10001 10089
1262 10001 10635
1262 10625 10635
1262 1267 2042
1262 1267 4231
1262 1340 6485
1262 1409 11262
1262 1409 1496
1262 1496 1797
1262 15344 17824
1262 4076 4231
1262 6690 11262
1263 1267 1570
1263 1570 11877
1263 1619 3784
1263 3488 7816
12 637 12511
12 637 1419
1265 1566 6576
12656 12678 18914
1266 11344 11886
1266 3786 18755
1267 16261 16612
1267 1898 13830
1267 5037 17578
1271 11270 11905
1272 1350 1352
1272 1352 2561
1273 1276 1935
1274 10022 11906
1274 10022 12523
1274 10452 12523
1275 2504 2587
1 276 2626
1277 1297 1446
1277 5012 5178
1277 6288 6346
1278 2037 13758
1281 1897 4409
128 133 1384
12822 12901 14195
1 2825 2981
1283 3158 11891
12861 14112 14267
1286 1306 1579
1287 1389 6584
1287 1434 6584
1287 2527 3777
1290 1417 1680
1290 4104 10352
1291 11257 16289
1291 12503 13791
1291 1293 4259
1291 1301 1614
1291 1919 5627
1291 5003 5627
1291 6296 11257
1291 6466 6622
12921 17872 17921
1292 1301 1916
1292 1312 15062
1292 1369 6254
129 3048 10080
1296 10636 11876
12970 13527 17898
1297 1373 1609
1298 2664 10510
1298 2664 3758
130 284 5364
1305 1384 1403
1 3 100
1310 11310 11446
13 10168 12667
1311 2541 10002
1312 3128 4108
1312 3756 4108
1312 5100 5456
13126 13169 13247
13 1264 12980
13 1264 4409
13127 13282 13283
13127 14383 14403
13130 15625 15627
13135 13170 13761
13155 15538 18448
13 158 1893
13164 17540 17542
13 17 10011
13195 13273 18165
1320 2532 3141
1321 1379 3792
1321 5012 10325
1 3 22
13233 13438 13447
13 248 677
1 3 2835
13284 13305 13307
1329 1350 1564
1329 1368 1981
1329 1369 1375
1329 1369 1564
1329 6329 10323
1330 1645 11330
1330 6351 11330
1331 1352 11486
1331 1368 18224
1331 13752 13840
1331 1661 1974
1331 5629 10002
1332 1351 6251
1334 1344 1345
1334 2667 3751
1335 1608 3757
1336 1962 4381
1340 11572 11690
1341 11256 11329
1341 2588 10080
13413 15798 15835
1342 3753 6410
134 5126 10094
1346 6331 6369
1350 1352 1584
1351 6251 8751
1355 11878 13751
1355 7658 10429
1360 1384 11344
13 677 5051
1369 1564 1643
1373 2602 2735
13761 13829 13921
13793 13949 14416
13800 13801 14387
1 3822 4063
1383 10128 11299
1384 1403 11266
139 1329 5023
139 403 750
1395 1881 1981
139 724 11353
140 3134 10028
140 652 2644
1407 5716 10782
1408 3791 11329
1408 4224 10478
1409 1564 11719
1409 1564 1568
1409 2112 4610
1410 2073 7072
1412 1451 1452
1412 1719 11408
1412 2038 3913
1412 5671 6760
1413 1416 1721
1413 1488 3988
1413 2123 6472
1414 1877 1878
14 168 636
14 170 639
1417 1497 1540
14 18 639
1425 2668 2673
1427 1506 3930
1430 2524 3285
14 315 639
14 317 5314
14 345 5034
14376 16887 19386
14377 14687 14804
1438 2687 5187
1439 10039 11426
1443 11252 12532
1443 1497 2688
144 3193 5373
14 432 3753
1443 5195 6443
1446 11407 13945
1446 1468 6290
1446 6409 6414
1448 2502 8798
1448 5003 5021
1448 5003 6721
1448 5159 17683
14 5003 5639
14 5003 5704
14 5092 7894
1452 1472 1531
1452 1646 1725
14 5639 10637
1458 12706 12707
14 629 639
14 639 5034
1477 3929 7045
1481 1599 4099
148 362 508
1486 1720 11252
1486 2736 4610
1487 10235 10547
1487 10235 12759
1487 1993 2149
149 5148 10049
15000 15001 16877
15000 16407 16881
15001 16251 16261
15005 16358 16877
15011 15400 18750
15015 15016 15327
15015 15016 17584
15018 15040 15080
15020 15332 15488
15021 16289 16299
15022 15978 17521
15031 15050 15070
15041 15061 15121
15045 15203 16294
15061 15363 15446
15083 16489 16500
15091 15109 15112
15157 15781 15866
15162 16411 17036
15164 15197 15319
15 18 639
15234 15546 15664
1524 2741 3834
1525 1691 2155
1525 1800 2111
1525 6330 11524
15257 15882 16194
15315 16251 16261
15323 15348 15401
1537 6265 6341
15391 15431 15939
1 5391 5719
1546 1708 1747
1547 10294 16504
15474 16016 16816
1564 11250 11719
1564 1574 1577
1564 1898 7267
1564 4064 7267
1565 10091 11263
1565 1575 1751
1565 1643 1682
1565 1643 4182
1565 1673 4164
1565 1682 4182
1566 1569 2819
1568 5007 5313
1568 5313 5352
1569 2819 5944
1570 10329 12507
1570 11577 12507
1570 2211 11316
1570 2821 6563
15706 15938 17343
157 158 821
157 237 1412
157 237 243
157 2657 2672
157 2672 10488
157 314 5002
1573 1574 6563
1573 3764 4104
1574 11572 11573
1574 1672 10323
1574 1725 6563
1574 2824 12823
1574 3197 12823
1575 5482 9104
157 789 827
157 827 5628
1579 10012 10016
1580 1647 6571
158 1262 1267
158 1262 1409
158 1262 3946
158 1267 1579
158 168 320
158 236 15159
158 236 706
158 2970 3634
1583 10040 11935
1583 10040 12188
158 315 320
158 320 358
1584 2835 2902
1584 4085 14084
158 489 5158
1585 3011 4300
1586 11271 11588
158 665 939
158 706 5209
158 783 821
158 821 11270
1589 11567 11569
159 10158 10197
159 10158 10470
159 10246 10470
159 10470 12736
159 1283 7748
159 1409 10246
159 1409 2033
159 179 2035
159 224 302
159 237 242
159 237 281
159 240 281
159 242 10161
159 281 7704
159 5803 10703
160 10013 10018
160 168 10157
160 168 235
160 168 2668
160 235 860
160 241 1724
160 2668 10021
160 5159 5782
1605 3829 13750
160 628 10783
160 628 705
1607 2857 4239
1609 6917 11295
16 10161 10182
1 6 11
161 10354 12825
1 6 1408
16 192 18755
1 62 100
1 62 11273
162 164 7675
1623 5510 6725
1625 1740 4240
1 62 6351
16289 16290 16407
16289 16292 16573
16305 18807 18916
163 10157 11290
163 177 783
163 2823 13438
163 318 2546
163 5014 15003
163 5202 5785
164 1253 5013
164 233 291
164 240 5173
1643 1681 1682
1643 1682 4182
164 5163 5173
165 10004 10789
165 10065 10200
165 2118 5790
165 2507 10065
1653 2907 4075
1 6 5958
1661 1719 1974
16 641 5641
1666 3771 16250
1668 14070 16278
167 6407 9377
1680 6340 11361
168 2668 3288
168 314 470
168 314 511
168 3283 4397
168 711 715
168 715 5012
169 325 10489
169 325 2668
169 325 638
169 716 2659
170 1252 10042
17 1301 11302
17 1301 8142
1713 1760 7249
17 188 627
17 193 2533
1720 13750 17032
1720 5632 17032
172 10161 10162
172 485 1729
17 2526 10011
17 2526 2533
17 27 5007
173 5240 15182
17 37 10016
17 37 193
17 38 1296
1739 10312 12197
174 266 505
1744 12407 14843
174 485 505
1746 10397 11609
1 7502 11251
1 7502 15020
17 505 12048
1750 5668 6262
175 10167 11412
17520 17561 17842
175 2676 5644
1755 2312 2390
17571 18869 18967
17 627 10016
17 627 628
1769 5197 5217
177 1448 2502
177 1448 5047
177 2502 15001
1 7735 14570
178 1005 2094
1781 10023 10065
178 1272 1506
178 1272 1799
178 1799 11797
178 315 335
178 3282 8304
178 335 1799
17834 17896 18928
178 568 803
178 788 2504
178 803 2663
178 803 804
179 1279 2914
179 218 5219
179 335 2523
179 470 3992
179 470 785
179 785 2035
1803 3444 5714
1807 12111 13829
1 81 100
18 1260 15057
18 169 2659
1817 4084 5333
1 81 89
182 223 621
182 245 1745
184 185 2034
185 10083 11022
185 2034 6434
18 633 1906
187 1986 5109
18 7591 15057
1876 1897 13125
1876 1917 5632
1876 1930 5983
1876 1956 18438
1876 3149 6897
1877 1955 6252
1877 1960 4457
1877 6252 15079
1877 6877 15627
1878 10632 10648
1879 10627 11956
1879 6274 10627
188 10156 10647
1884 1922 4477
1884 1960 6257
1884 6257 6579
1886 2501 3438
1887 1889 11896
1887 2657 4084
1888 6264 6888
1889 4377 4380
1897 5725 10860
1898 3284 8151
1906 11900 12207
1912 3147 6909
1915 1923 2247
1915 6876 16992
19 168 272
1917 11882 11927
193 833 5316
1940 3151 13130
194 1758 1856
1955 6252 8831
1957 2124 2582
1960 4457 6257
196 10508 13007
1961 2292 7273
196 1487 1493
196 274 9258
197 1409 11410
1976 2581 8541
198 627 681
199 234 5009
199 4611 4612
201 314 11290
2028 5075 5201
2054 3927 13313
206 2823 3448
207 5637 6437
208 10249 17666
208 1302 5003
208 677 2864
209 979 1605
2 10001 10015
2 10001 10632
21 10020 10646
2 1105 3292
21 1258 17500
21 1310 11310
2 12 10001
2121 11890 13137
2 12 196
2 124 157
2 124 158
2 12 421
2 124 5041
2 124 746
2 124 798
2 12 5002
21 2501 10059
21 2501 2580
21 2501 5002
21 3130 10080
2 1368 5100
2 1368 5705
21 391 1310
2149 10128 15041
21 5335 10390
2 157 158
2 157 314
2 157 5002
21 5763 10685
2 158 2970
2 158 3292
2 158 5158
2 158 665
2 159 10470
2 159 2816
2 160 10157
2 160 10632
2 160 5314
2 160 628
21 61 3459
216 2629 15001
21 65 724
21 65 8438
217 10494 10646
217 10494 11407
217 2717 17718
217 802 11407
2190 4777 6642
219 1272 2561
219 2703 3009
2198 3137 4689
2200 2519 4701
2200 7190 19375
2201 5394 5555
22 10079 15098
22 101 2523
2 21 5002
22 15062 15098
22 1641 5081
22 1642 2818
2 21 943
2 22 5158
22 2813 7911
22 31 32
223 1824 16764
22 32 334
2233 7292 9733
22 359 2839
22 416 469
22 46 48
22 46 8752
22 48 1277
22 5001 7911
22 5080 10787
22 5080 5081
2258 4728 7209
226 274 2804
2 2659 2697
22 671 1642
2267 3517 4690
2 2697 2833
22 81 101
22 964 969
2297 2439 12307
23 1252 1263
23 1252 1564
23 1263 4380
2 313 2970
2 313 353
2 313 7189
2 314 353
2 314 5002
2 3148 5100
2 314 943
23 1564 1907
2 3205 15859
2 3205 3292
232 307 540
23 2677 4122
23 2677 7659
23 4377 14377
23 4377 4380
234 5009 5350
23 5034 5101
23 5079 5101
23 5079 6352
235 1641 4300
2 353 943
235 5079 5236
235 5158 5236
235 5250 7735
235 860 1172
235 860 5157
236 2503 2580
23 626 1252
236 2668 2677
2364 4239 18593
236 586 3049
236 706 10666
237 10273 10898
237 10273 11801
237 1490 3986
237 5120 10042
237 5276 15280
238 2737 12737
238 550 1488
238 6337 8869
240 2736 12739
241 1335 1724
2 4 21
242 707 5861
24 2860 10354
24 333 2542
24 333 476
24 333 5042
24 334 1115
24 334 419
24 404 11263
24 419 10354
2 4 5041
24 5391 7641
246 10167 12740
2 4 628
2 4 63
24 639 2542
246 479 1768
247 2751 16339
247 5158 5236
248 6486 6797
2 5002 5314
2 5002 6369
2501 10001 10059
2501 12540 15039
2501 12570 15039
2 5012 10015
2 5012 6369
2501 2658 13782
2501 2658 3283
2501 2658 3758
2501 2897 5007
2501 3126 3131
2501 3126 3438
2501 5007 6408
2501 5024 5157
2502 10003 10040
2502 10003 15001
2 5021 5158
2502 2566 3850
2502 2605 6409
2502 2660 10003
2502 2677 8282
2502 3249 15133
2502 3322 10821
2502 3439 7735
2502 3439 8835
2502 5002 15001
2503 2580 12736
2503 2664 5013
2504 10008 11253
2 5041 15081
2504 2507 2819
2504 2537 2587
2504 2821 10163
2504 5095 7585
2505 12501 12542
2505 12501 13751
2506 12734 13135
2507 12506 12544
2507 12540 18161
2507 2527 12506
2507 2532 3767
2507 2813 2819
2507 2819 2829
2507 2819 3767
2507 3128 3129
2508 10391 12501
2508 12833 12852
2508 2581 12501
2508 2970 2974
2509 2510 2528
2509 4461 9384
2 5110 8126
2511 5031 7533
2512 10354 12825
25 122 238
2512 2745 7669
2512 3217 8182
2512 3761 11281
2513 10122 13252
2513 2518 7508
2513 2579 2602
2513 7508 8130
2514 8126 8227
2 5158 11306
2 5158 5784
2517 10485 12827
2517 12510 12554
2517 2537 2587
2517 2587 12506
2517 2587 2605
2518 12506 17545
2518 7508 17516
2521 5022 5646
2522 2540 2833
2522 2561 4163
2522 2600 2601
2522 2683 3928
2522 2814 12988
2522 2814 2833
252 2746 5130
2522 7665 12988
2523 5745 5961
2524 2820 7528
252 5130 15007
2527 12506 12520
2529 7585 17832
2532 3767 12511
2533 10026 15032
2533 2629 2640
2534 2670 10158
2537 12532 16280
2539 10344 12834
2540 2669 17102
2540 2857 3805
2540 3167 12539
2540 3167 7571
2541 2543 2699
2541 2815 3008
2541 2892 12561
2541 2892 7590
2541 3766 7527
2541 7590 17637
2542 2579 7566
2542 2581 4104
2542 2697 10664
2543 6292 7551
2543 7551 7553
2545 6883 8756
2546 2582 2657
2546 2657 2855
2547 5008 15647
2548 12558 13172
2550 3165 3487
255 294 2600
2553 8802 18796
2556 2596 3091
2561 2873 12702
25 637 8439
256 3857 8854
2570 2887 3490
2 5705 5784
2571 2843 4074
2579 12618 13750
2579 2590 12589
2579 2602 12618
2579 2901 2951
2581 12501 12579
2581 3752 10078
2581 9572 12540
2582 10704 12503
2582 2815 14768
2584 12910 13834
2584 7508 12500
2585 3874 7584
2589 12501 13849
2590 2624 7512
2590 3801 7512
2596 2692 3224
2601 12541 15080
2601 3752 4144
2602 12618 13224
2602 7777 12618
260 5104 10295
2 6 10001
26 10021 10025
2611 7601 18155
2614 2672 4254
26 1624 5333
2618 10273 15273
2619 3208 3402
2620 12583 16491
2624 7512 7551
2 626 10001
2 626 5314
2 628 10100
2 628 10314
2 628 10627
2 628 5627
2629 3205 3830
2630 5364 7825
2 63 2562
2 6329 10323
2 6337 15081
26 3777 8776
2 641 798
2650 10149 15363
2657 2747 12975
2657 2747 2825
2657 2855 10046
2658 2814 10196
2658 2814 3753
2658 3751 12706
2658 3751 3753
2659 2680 5805
2659 7660 8915
2660 3048 10080
2660 5167 10003
2 665 1368
2 665 5041
2679 3913 5804
2687 3143 3762
2695 12523 12659
2696 3756 3907
2708 3985 4288
2735 2736 2969
2735 3830 8205
2736 10089 10247
2736 2893 13829
2736 2893 3365
2736 3365 13380
2738 2766 12589
274 1332 1525
2742 2971 3908
274 590 1704
2746 3048 3390
27 46 335
2 7522 10157
275 5162 10000
2756 12677 13380
2756 3909 12677
2758 3753 5101
276 1409 1453
276 1492 2626
27 686 2546
277 5627 5958
28 101 107
2 8126 10001
2813 2823 4141
2813 3013 4103
2813 7879 12525
2814 2834 2913
2814 2853 4113
2814 3753 4113
2815 10323 11064
2815 3008 3751
2817 3441 7620
28 178 1956
2819 9064 9147
2819 9104 14112
2820 7513 10405
28 2527 2679
2830 5324 5393
2833 4084 4709
2834 2913 3986
2835 11252 15334
2840 3310 8149
2844 2922 7611
2848 3028 17817
28 5029 10027
2855 10314 10354
2862 4036 4192
2891 6252 7815
2892 12561 12852
2892 12891 12893
2892 2893 3204
2892 7892 9142
2893 5391 10586
2894 3206 3753
290 312 1380
2912 10391 10412
2931 12630 14179
2937 5436 6217
294 842 5187
295 5111 5177
2970 3518 14064
2970 7502 7814
2975 10318 13287
2980 7502 11729
29 82 12503
2995 3503 14713
300 10299 10611
3018 12549 15225
3029 4064 17813
3069 13049 13056
3078 3195 3390
3 10000 10158
3 10002 10013
3 100 509
3 1251 1356
3126 10010 10079
3126 3204 3438
3126 3204 4766
3126 6257 9378
3127 10000 10713
3127 3132 19063
3127 3645 8284
3128 3129 12503
3128 3148 3187
3128 7638 8774
3129 8127 8128
313 10080 10783
313 10322 10402
313 1761 2970
3132 3602 4695
313 2970 7814
313 318 10322
313 318 4074
313 323 486
313 547 1016
3137 10314 10950
3137 10626 15792
3137 3439 12735
3137 3439 4689
3137 3439 9094
3138 10782 13292
3139 10003 15079
3139 3752 13126
3139 9392 9549
314 10040 11065
314 11251 11290
314 1565 2836
314 1565 3830
314 1608 1623
314 1957 11251
314 316 10939
314 316 5472
314 316 939
314 333 2522
314 334 419
314 353 436
314 353 513
314 353 943
314 392 10312
314 392 1212
314 392 411
314 392 627
314 4064 5002
314 411 419
314 417 2580
314 417 475
314 417 513
314 436 1212
314 470 1193
314 470 475
314 5003 6642
314 548 3830
314 627 5003
314 627 939
314 629 1957
3146 3305 3497
314 653 10089
3147 3752 14556
3149 10081 14383
3149 4099 8133
315 1564 12662
315 319 403
315 321 335
315 335 10002
315 6291 6322
315 637 10627
3157 4408 13782
3157 5643 9387
316 10351 12580
316 1254 1257
316 2346 2424
316 336 966
3165 8167 15763
3166 8126 10001
3166 8126 8625
316 705 12580
316 705 717
316 705 939
316 717 6034
316 785 2971
3 169 2659
316 939 1257
3171 18126 18164
318 334 938
318 6256 6278
3191 10060 10632
3191 3269 19441
319 1566 4069
319 323 4069
319 397 407
319 407 2896
319 411 573
319 573 10105
319 579 1184
319 632 3752
320 1569 1608
320 326 471
320 358 1608
3209 10708 11030
32 100 1946
321 1256 11570
321 359 419
32 157 5002
32 1595 1598
3216 10665 13375
3 218 281
32 188 3772
3226 3605 3619
323 1262 11262
323 15342 15393
323 326 5637
32 34 188
323 7502 17814
32 3772 8908
324 10382 14229
324 1574 10323
324 2032 10018
324 2512 7512
324 326 1574
324 330 331
324 331 10323
324 331 10681
324 480 2907
3249 4598 4606
325 10489 10498
325 2826 12502
3253 3264 5090
325 409 6614
325 637 2826
3 2581 3127
326 1597 5335
3 2625 12585
326 333 10335
326 5637 15323
3 2659 3204
3283 4397 4475
328 3521 12978
328 363 992
3284 4377 4380
3284 4377 5821
3284 4545 8285
3284 8159 8919
3287 3321 4547
3287 3596 3675
3288 4580 12935
329 2556 3175
329 2556 5017
3294 3295 4545
329 548 1027
330 1423 16719
330 2618 7865
330 331 363
3303 6427 12062
3304 10008 12833
3 30 5004
33 10062 10690
3 3127 10000
3 3127 4436
33 128 643
331 363 519
3 3204 13127
3322 3352 4416
3322 7501 17502
3322 7658 8284
3323 3401 8909
33 2511 5031
33 2512 3782
333 1046 10439
333 3067 12832
33 345 2649
333 938 12832
334 961 1566
335 1357 10412
3352 4416 9180
336 1041 1048
33 658 814
336 643 2831
3371 11344 19001
33 814 10690
340 354 5474
340 998 10411
343 10010 10079
3431 3565 9034
3431 9034 14345
344 1594 6594
344 958 10352
345 2503 2580
345 2504 2814
345 374 5051
3 471 5159
3 5002 5005
3 5003 5008
3 5003 5627
350 10349 15422
3 5092 5324
352 435 2857
3524 6019 7904
352 5042 5665
352 5042 7696
352 5665 10631
352 948 5050
353 10002 12930
353 10337 10352
353 958 10352
354 2622 12619
354 2816 12858
358 1296 1882
362 2190 11134
362 363 939
362 364 518
362 5042 5953
362 518 5167
362 665 939
363 10382 10538
363 406 1032
36 3773 10338
365 2941 3490
3 666 5003
3 666 725
3684 10876 13683
370 2821 10163
3 7 12508
373 495 10221
374 1312 5938
374 2249 10998
3751 12706 17539
3752 12503 17506
3752 3762 5317
3752 4689 12503
3752 4689 9396
37 5339 5344
3753 4415 9063
3756 6576 11673
3757 4102 7527
3757 5178 8932
3762 5317 8442
3764 4104 7504
3768 4543 4705
3768 6347 7592
3777 3914 9186
3777 6256 6286
3791 11256 11329
3792 7863 8018
3800 11879 16428
3800 3918 3976
3 80 100
3 80 2581
3 80 3204
3 80 5092
3810 6271 6354
3811 4415 8186
3816 11897 13776
3 82 12503
3821 5032 6281
3 82 5003
3 82 5004
3829 3985 13750
3829 4070 4377
3831 4187 8792
3834 6335 8752
3836 10314 14064
384 1076 1613
3854 3928 13775
3855 13753 14395
3860 11328 12949
3870 3874 4027
3888 4415 4649
3908 4103 4112
3908 4103 8907
3908 8907 19378
3909 5785 14533
391 2814 2834
391 396 412
391 5547 11407
391 675 705
391 862 5091
3919 5119 9415
392 10079 10312
392 1017 5397
392 1022 11046
392 10947 11026
392 411 441
392 4144 5043
392 450 568
392 490 549
392 5334 10411
392 568 3049
392 627 5334
3928 7507 7529
3930 14075 14113
393 1565 1566
393 1565 5549
39 319 573
393 5004 5082
393 5081 5082
393 960 1565
396 1642 2590
396 2819 9147
396 398 2932
3967 15207 18965
397 10396 10553
397 2581 8541
397 417 10396
397 417 2917
397 749 2581
398 1331 3538
398 416 15410
398 5080 6663
398 705 10081
399 1017 5397
399 409 10418
40 10489 13009
401 404 2902
401 413 2902
401 714 1046
401 714 10714
402 472 985
402 558 1643
40 339 10729
4035 10075 15050
4035 7745 11964
404 440 5404
40 46 2624
40 5011 5178
40 5018 5043
40 514 2853
40 5178 10489
4064 7267 10393
40 67 1317
4068 4084 5333
40 685 4416
4070 12837 14084
40 71 5383
4076 9404 16921
4085 11563 13909
4085 4787 11583
4103 6603 8947
4105 13880 16368
41 1251 1408
41 1261 1334
41 1261 5352
4 11273 16898
41 1291 10123
41 1291 1293
41 1293 10510
41 1408 1446
41 1408 3791
41 141 1291
41 1446 5050
41 202 12541
41 217 1408
4 12501 13132
41 2540 2650
412 547 578
41 277 10510
41 277 2650
41 43 1446
4 14 315
41 43 202
41 43 2540
41 43 47
41 43 668
41 50 1291
41 50 6301
4152 4772 11344
4153 4191 14143
4 1622 10000
41 668 1291
4181 9103 12188
4 182 1492
41 944 11289
419 477 966
4 21 2501
42 125 354
4 21 3147
4 21 391
4220 4221 4923
4220 4221 6563
422 1438 6729
42 2542 2697
422 737 3860
42 296 2697
42 354 5120
42 373 15003
42 373 607
42 43 1263
42 43 2552
42 43 354
42 43 5053
42 43 63
42 62 15003
42 629 3204
42 63 5040
42 665 2506
42 665 5040
42 70 784
4271 13015 13064
42 80 2506
42 80 3204
42 81 199
43 1263 2904
43 1290 11290
43 1298 11290
43 1536 2777
431 6609 16685
43 196 5399
43 202 627
432 10392 15393
43 2502 12540
433 510 589
43 354 10137
433 7932 10430
43 47 66
43 48 2904
43 5053 8139
43 53 1263
43 63 73
4377 12187 14064
4381 5641 5787
4382 4690 14688
441 1075 5430
4416 14402 14714
45 197 198
45 198 681
45 201 11290
45 2506 13756
45 61 5047
45 61 68
45 665 2506
45 665 987
4572 11446 11601
45 84 2506
4591 4708 8148
46 1374 2644
4621 4651 13429
4 628 1879
4 628 783
46 328 10327
46 48 242
46 633 2606
4 66 79
4 671 5041
46 77 633
46 8752 11271
469 10785 11798
46 939 2544
469 491 939
469 499 10478
470 10938 13613
470 1117 2507
470 2507 2813
470 2512 11281
470 2512 7512
470 782 822
470 782 944
470 803 1193
470 803 1330
470 944 10938
470 978 2813
471 1173 11105
471 1420 6263
471 5159 5782
471 5159 6739
472 481 940
47 2547 2635
472 785 10002
474 2996 11100
474 509 5006
476 5164 6101
47 66 3799
4 79 12501
481 485 11172
482 5014 6104
482 627 783
484 2970 10509
4844 9240 9246
48 58 983
486 1642 2200
490 10490 15176
490 491 10568
490 5013 15176
491 939 1097
492 547 11016
497 792 799
5001 5631 5657
5002 10086 12578
5002 5033 5160
5002 5080 7502
5002 5235 15001
5002 5236 15078
5002 5236 6097
5002 5236 6252
5002 5238 5314
5002 5314 5676
5003 5006 5008
5003 5008 10022
5003 5062 5131
5003 5160 7580
5003 5197 5250
5003 5316 6447
5003 5627 5639
5003 5627 8127
5003 6721 16273
5004 5082 6645
5006 10117 12615
5006 5008 17848
5006 5330 6268
5006 5352 7584
5007 5158 5163
5007 7502 8753
5007 7503 7506
5007 7503 8753
5007 7506 12506
5008 10022 10046
5008 10046 10061
5008 10061 17500
5008 5321 15046
5008 5321 6254
5009 5789 8154
5009 6430 11300
5011 5167 5245
5011 5167 6886
5012 10012 15051
5012 10012 17502
5012 5345 17503
5012 7501 17502
5013 6330 7511
5014 15003 15012
5021 5158 5163
5022 15103 15181
5022 5079 5705
5022 5707 10333
5022 7522 8149
5023 10002 10023
5023 5029 5647
5023 5647 6271
5024 5104 5157
5027 5067 6789
5028 10002 11252
5028 5062 6317
5029 5041 5316
5029 5672 10027
5032 5372 5418
5040 5079 5208
5040 5079 5236
5040 5158 5163
5040 5158 5236
5040 5177 5333
5041 12679 15357
5041 5063 5316
5042 5079 5237
504 555 1802
5050 10090 15205
505 1725 1736
505 2038 5632
505 506 1736
5058 5121 5746
5063 6312 8813
5066 10026 15022
5066 5281 15280
5079 5101 6818
5079 5159 5162
5079 5236 5237
5079 6352 16370
5080 5392 5393
508 2981 13008
5084 10396 16646
509 10042 15207
5091 5338 7533
5092 5710 15730
509 520 15314
5 10008 12502
5100 5764 15681
5101 5549 6331
5101 6330 6413
510 2405 4398
5104 5145 5157
5104 5145 6373
5104 5240 15182
51 1252 10001
51 1262 10001
51 1262 5675
51 1308 1326
5113 5118 10100
5118 5236 6330
5119 12540 13888
5121 5746 6836
5123 5670 5690
51 2551 5058
51 2551 5352
5129 5578 10572
51 353 1262
5139 15040 16156
5139 7522 7756
51 5058 5675
515 5197 5217
5158 5236 15078
5158 5827 6720
5 15 89
5162 5653 7857
5163 5164 5866
5163 5165 5173
5163 5165 5497
5163 6486 8947
5164 10831 13293
5164 5223 7976
5167 6435 10003
5179 6282 7524
51 92 1262
5217 10469 12657
52 2518 10406
5235 15001 16250
5235 15001 16255
5235 8790 16250
5237 5256 15234
5237 5256 5257
5256 5257 7755
5256 7638 7755
5262 10178 15881
52 696 697
52 697 774
5 276 277
52 774 5657
5279 15045 15144
5285 5622 8092
5313 5355 5363
5313 5393 8048
5314 15333 17853
5 315 319
5 315 320
5316 6880 8753
5316 7659 8753
5319 5475 10026
5 319 627
5322 5653 5828
5324 10001 11876
5324 10312 11876
5324 5393 10312
5324 5393 15006
5334 10333 10337
5334 5335 5492
5334 5344 6584
5335 5392 5468
5339 7819 8137
534 687 988
53 54 129
53 629 10043
5372 6163 7209
5374 7815 7854
5392 12581 15099
5392 12581 17501
5393 10417 15006
5401 15412 17893
5402 10012 10335
5414 8077 10008
544 5329 5367
5452 10139 15071
54 61 71
54 671 5041
5475 15000 15001
5480 10156 15002
5480 6095 15002
548 12735 15469
548 861 10704
548 861 3830
550 5549 6067
55 1328 10496
55 1340 16887
552 10079 14381
5524 6682 7233
5525 7984 15484
553 2508 2587
553 2508 2970
554 10139 10457
554 1642 2814
5547 11407 12423
560 1736 6735
56 149 5207
56 179 197
5626 15079 15626
5626 15625 15626
5627 6877 17188
5627 6931 7121
5 627 946
5629 10002 18138
5629 8130 18138
563 1178 10400
5632 6877 14381
5632 6877 15006
5632 6877 15627
5633 10476 15008
56 344 1618
5638 5659 15638
5643 6990 9387
5647 5803 7414
5656 6007 7609
56 6563 15000
5668 6262 6291
567 1329 1797
5685 6936 8265
5686 10317 18263
5688 10188 10676
569 1458 1682
569 6858 7757
5706 6410 16094
5726 6193 15723
5754 10675 16944
577 607 4143
5784 6407 8672
5785 15352 15374
5786 15179 15804
5788 10006 15625
5788 7033 7428
5798 6188 7150
5810 10257 15295
5872 15001 15861
5941 10940 16154
5941 10977 13448
5943 5944 6882
6016 6055 8521
60 217 1252
60 217 5060
6037 6042 10080
6042 10080 15574
60 5060 10059
6058 8439 8440
60 61 217
60 61 71
6078 15998 16008
6 10001 10635
6 10001 11897
6 10007 16258
6 10013 15635
6109 7906 8599
6 11 10098
6 11 10468
61 2561 3200
6 1262 10001
6 1262 10635
61 277 10041
61 314 10040
61 314 12716
61 68 69
61 71 76
61 76 695
61 76 85
6 1881 10635
6 1881 11897
6213 10080 15431
6213 6877 10080
6252 6257 6916
6254 6257 6589
6254 6410 6512
6256 10025 16250
6259 6278 6332
626 1252 10001
626 1252 5314
6261 6413 6921
626 2501 10001
626 3128 10642
62 632 1134
6263 6282 6440
626 636 797
626 671 10670
6269 10013 10033
6271 6330 6350
6271 7604 18248
627 1877 4460
627 1877 6877
627 1884 3127
627 2814 3127
627 4396 4455
627 4396 4460
627 5707 15704
627 628 1173
627 628 681
627 628 705
627 628 783
627 648 10626
627 648 1877
627 666 5003
627 666 749
627 666 783
627 705 3127
627 705 749
627 705 939
627 705 954
627 749 939
627 783 3127
627 939 2814
627 939 4460
627 954 1031
627 954 3297
628 10313 10314
628 1879 10627
628 1886 3438
628 1918 18167
628 726 783
628 783 10783
628 783 1096
628 785 2035
628 785 5627
628 809 10100
6290 15000 15001
629 1957 9379
629 3204 13127
629 3204 8127
629 647 10801
629 717 15706
629 9379 15706
6301 11301 14728
6302 6614 11301
630 5003 5316
631 633 2346
6 318 1413
632 10006 10963
632 10006 12661
632 10093 16407
632 1428 1877
632 16407 16881
632 2507 3752
6329 6350 13867
6329 7502 9102
6330 11419 11487
6330 6486 11487
6330 6879 6965
6330 7511 8067
633 10002 10007
6331 6332 8753
634 946 2820
6352 15079 16373
636 1268 1573
636 792 18603
637 1887 10627
637 5042 15156
637 775 7590
637 795 1887
638 10039 10674
638 10704 12268
638 3451 3614
639 2232 4406
639 5034 10795
639 659 10101
6409 11250 11262
6410 6428 9066
6412 7037 10016
641 798 807
642 2517 13333
6427 16411 17051
6432 10652 11921
644 1889 5014
6448 6720 16252
646 1585 3830
646 1876 3830
646 656 1595
6466 6622 12091
647 725 3225
647 964 969
648 10626 10627
648 1273 1282
648 1273 1667
648 1877 15627
648 5021 5028
6485 16486 16804
648 6253 10627
648 649 10626
648 649 667
649 3929 11253
65 1253 5013
652 842 949
653 976 5956
654 10637 11164
654 10670 15789
6555 6564 16256
6 5636 10635
6564 16252 17502
6564 6613 9108
6568 16250 19063
6590 18543 19163
665 11896 12054
665 1257 1368
6 65 223
665 939 1257
666 1310 11446
6662 8772 8829
666 4447 8196
666 5003 5197
666 671 944
666 675 1155
666 725 1331
666 749 978
666 978 1059
667 670 11920
668 10665 10672
671 5671 15044
6723 6828 8909
67 2581 11339
675 2735 10845
675 676 1892
67 966 11628
6800 16406 16453
68 1313 6330
6877 15006 15628
6877 8137 8142
6879 8441 8607
688 2081 2092
6886 13906 16406
692 7542 8198
693 5681 5702
6941 15212 17565
6955 7150 7423
70 1321 6320
7033 7073 16877
704 2501 2511
704 2511 5031
704 3127 3132
704 3132 8221
704 3371 3375
704 714 5128
705 1955 1965
705 749 939
706 1063 8250
706 1487 11374
706 754 1345
7068 11891 17039
70 687 2053
707 712 717
707 861 5861
708 10706 11057
7 10318 10333
711 5086 6961
711 715 794
7 1252 6451
7 1258 10730
7 1258 6257
712 717 1337
7 1291 11566
7 1291 6257
714 1029 2279
714 724 743
714 743 1016
7 157 1291
716 1253 1341
716 1420 11263
716 868 10941
7 17 38
7 17 711
719 720 6979
72 167 10035
725 1331 1332
726 1036 1980
7266 7272 7422
729 1954 1959
7 320 10318
7 320 15070
73 5189 5193
735 9485 10656
7365 11820 12032
7 38 11881
741 3378 3857
743 1016 3204
743 3204 3209
744 2502 3322
744 4572 11446
749 939 978
7 5006 5009
7 5006 6257
7501 7503 8753
7501 7507 9532
7501 7657 7823
7501 8204 17500
7502 7523 15020
7502 7814 17814
7502 8126 15947
7502 8752 8986
7505 7583 8208
7508 12500 12505
7508 15017 17516
7508 8130 8167
7509 17612 18143
7511 7517 12510
7521 10021 14376
7521 7522 17599
7522 7571 7835
7522 7683 7732
7532 8450 17503
7540 7541 7579
7541 9124 9279
7542 15196 17540
7552 7815 15156
7553 10013 10179
7581 7587 9457
7584 8126 17578
758 8239 9489
7590 7618 17618
7602 17580 17639
76 124 157
7 626 1252
7 626 632
763 1056 11007
7 632 1291
7658 12581 17501
7660 16096 18293
7664 7682 8754
7674 8909 17515
7677 8075 10488
769 2541 3250
7699 8400 8478
7 711 5009
7741 10008 12586
774 5110 5657
774 5999 6908
775 7590 12765
7786 12678 18914
782 1022 14219
782 5001 15020
7825 16262 17815
782 822 2117
783 10299 11330
783 10782 10812
783 1095 5470
783 1097 10783
7834 15332 16975
7838 10007 12527
784 5629 5667
785 10002 10157
7855 7865 9065
785 6251 10081
787 1471 3323
787 1563 10142
788 7501 10787
790 1882 1902
7902 8526 8597
790 5861 9613
79 10012 17512
79 100 12501
79 10020 10031
79 100 2599
79 104 1354
79 118 2621
79 123 282
79 1251 10937
79 1251 2521
7916 8831 9142
79 2502 2580
79 2502 2621
79 2521 2579
793 1283 7748
7 9 3131
79 399 2502
79 430 1680
794 860 2044
7 9 5009
79 5079 15390
795 796 5638
7971 9064 9221
7979 12749 18336
79 80 100
79 80 118
79 80 1329
79 80 1337
79 80 2579
80 10436 12931
80 111 159
80 124 157
80 124 237
80 1329 11332
80 1329 3829
80 1337 4455
80 139 1329
80 157 237
80 157 2581
80 159 237
80 159 627
80 2501 2540
80 2579 2745
80 2581 10078
802 812 1094
802 881 1231
80 3829 4455
803 851 1124
80 5084 16646
80 627 4455
80 627 706
80 688 3204
8069 9298 9299
80 7579 15078
80 85 1334
80 85 706
810 5047 5663
81 100 2893
81 101 247
81 101 706
81 10705 10715
81 247 2893
8 1258 3766
8 13758 13768
8138 14376 16887
8 1492 7509
8 1583 10471
8 165 2507
8 165 6410
8 169 716
81 706 10705
8 179 313
8 18 169
8 18 2507
81 82 706
8 18 47
81 89 10000
81 99 101
81 99 109
821 10156 11270
82 121 5003
82 1330 5082
82 1957 3134
822 3556 8166
82 236 706
82 277 705
823 2268 10641
82 5003 10022
82 5004 5082
8 2503 2507
8 2507 7840
82 628 705
827 2229 5470
8285 8910 9540
82 87 10086
82 87 1957
82 87 399
82 87 5087
82 87 91
82 91 10759
82 91 243
82 91 705
831 3166 3399
8362 12658 16447
8 3761 3766
8 41 47
84 1590 6261
84 2008 12007
842 10782 10812
842 949 969
8439 8446 15977
84 5095 11251
85 10117 10431
85 12518 13127
8521 17506 18521
8 5320 5490
85 3221 13127
8544 12882 12989
85 6256 6453
85 6256 7506
85 6379 6453
859 2697 10909
8596 8606 11172
860 12109 15254
860 3360 5860
861 3211 5706
861 5706 6410
861 862 11329
861 862 5861
861 862 871
861 871 5861
861 8836 9612
86 236 706
862 871 5861
86 295 3399
863 10001 11876
866 10119 10703
86 706 1917
870 1172 10792
87 10086 10159
8773 9378 9396
881 2131 5241
8874 12075 19090
89 665 672
89 90 2590
90 436 1686
9064 12501 12502
9064 9416 12502
90 795 873
91 12513 15715
91 1264 10012
91 1574 2508
91 2513 7590
91 2541 7590
9 1267 4402
91 3214 7590
9 13 5325
9147 12833 18776
91 705 5344
91 737 15715
92 100 1351
9 2518 2557
9 2518 5325
93 1107 5796
938 2209 12193
938 2209 2892
938 2209 4083
939 2814 10646
939 5627 7198
939 5627 8127
939 7198 15703
939 941 10646
939 941 8127
940 1251 3284
940 2523 3148
940 6133 6134
941 1251 1408
941 1251 1578
941 1251 4142
94 118 753
941 3139 10003
94 157 314
94 157 782
941 944 10646
94 314 2836
9457 11896 11897
9 477 15359
9 477 5004
94 782 5001
951 10012 10637
951 1414 2814
951 2814 10353
9533 16427 16896
954 1027 11021
959 7209 8149
960 965 5168
97 1405 1894
978 10626 10953
978 2308 5363
9 790 10633
979 2542 2620
982 1295 11606
99 101 267
99 101 725
99 12501 12598
99 2540 3151
99 333 10022
99 333 763
